01111111
10000010
10000101
10001000
10001011
10001111
10010010
10010101
10011000
10011011
10011110
10100001
10100100
10100111
10101010
10101101
10110000
10110011
10110110
10111000
10111011
10111110
11000001
11000011
11000110
11001000
11001011
11001101
11010000
11010010
11010101
11010111
11011001
11011011
11011101
11100000
11100010
11100100
11100101
11100111
11101001
11101011
11101100
11101110
11101111
11110001
11110010
11110100
11110101
11110110
11110111
11111000
11111001
11111010
11111011
11111011
11111100
11111101
11111101
11111110
11111110
11111110
11111110
11111110
11111111
11111110
11111110
11111110
11111110
11111110
11111101
11111101
11111100
11111011
11111011
11111010
11111001
11111000
11110111
11110110
11110101
11110100
11110010
11110001
11101111
11101110
11101100
11101011
11101001
11100111
11100101
11100100
11100010
11100000
11011101
11011011
11011001
11010111
11010101
11010010
11010000
11001101
11001011
11001000
11000110
11000011
11000001
10111110
10111011
10111000
10110110
10110011
10110000
10101101
10101010
10100111
10100100
10100001
10011110
10011011
10011000
10010101
10010010
10001111
10001011
10001000
10000101
10000010
01111111
01111100
01111001
01110110
01110011
01101111
01101100
01101001
01100110
01100011
01100000
01011101
01011010
01010111
01010100
01010001
01001110
01001011
01001000
01000110
01000011
01000000
00111101
00111011
00111000
00110110
00110011
00110001
00101110
00101100
00101001
00100111
00100101
00100011
00100001
00011110
00011100
00011010
00011001
00010111
00010101
00010011
00010010
00010000
00001111
00001101
00001100
00001010
00001001
00001000
00000111
00000110
00000101
00000100
00000011
00000011
00000010
00000001
00000001
00000000
00000000
00000000
00000000
00000000
00000000
00000000
00000000
00000000
00000000
00000000
00000001
00000001
00000010
00000011
00000011
00000100
00000101
00000110
00000111
00001000
00001001
00001010
00001100
00001101
00001111
00010000
00010010
00010011
00010101
00010111
00011001
00011010
00011100
00011110
00100001
00100011
00100101
00100111
00101001
00101100
00101110
00110001
00110011
00110110
00111000
00111011
00111101
01000000
01000011
01000110
01001000
01001011
01001110
01010001
01010100
01010111
01011010
01011101
01100000
01100011
01100110
01101001
01101100
01101111
01110011
01110110
01111001
01111100
